200 2333
33 42 75.409050
99 19 51.105134
12 84 64.054726
68 84 98.135700
72 31 69.518398
49 76 50.623479
64 36 92.298746
80 33 77.983149
60 77 60.479248
93 65 78.295158
59 99 79.730553
89 51 66.757639
53 61 75.281870
79 31 68.875310
32 3 90.031406
69 98 83.648506
84 73 65.725647
99 45 67.517777
58 37 55.069575
48 47 69.106438
5 93 69.401421
94 22 87.473779
65 59 69.709685
3 55 77.615098
55 75 76.405789
34 60 82.056828
75 7 84.268106
59 6 52.246305
11 85 67.946062
89 56 56.621601
99 14 78.107419
19 78 93.355112
5 69 57.726735
43 90 92.162145
19 16 91.490812
6 34 77.245133
33 75 92.785624
7 30 83.789558
20 19 55.228281
56 75 53.264872
31 62 62.084716
30 4 84.958835
85 2 70.022511
13 42 87.366587
74 28 53.834145
81 22 60.053917
17 64 71.015093
75 74 69.559792
44 66 77.571694
58 77 76.084668
79 70 88.666230
95 26 96.973115
30 17 63.558448
1 76 58.375915
66 60 74.588213
72 35 89.964237
33 30 90.432743
8 61 58.856319
71 12 92.210542
47 68 58.378806
30 66 65.477921
67 16 70.317961
71 9 51.733918
17 10 73.204656
52 91 62.480106
20 57 93.224730
55 47 50.449789
82 24 55.265730
52 7 77.014288
48 38 55.678070
43 7 58.530602
31 37 89.099004
39 25 90.636905
23 51 78.553113
93 45 76.465591
17 23 94.471050
23 16 88.607030
58 11 97.480684
12 9 64.030842
41 55 66.178724
58 71 73.565352
56 47 52.697072
5 21 63.151839
10 48 87.123800
74 7 61.072987
63 40 87.740052
29 3 77.088037
64 21 51.505730
49 53 96.596371
36 90 69.298578
63 68 59.884536
17 47 62.074291
90 78 89.616539
69 4 61.618454
55 51 85.278947
73 33 52.096645
56 49 54.843183
46 31 85.728736
83 44 57.362374
4 57 81.857471
17 62 91.406806
28 81 65.892976
46 49 70.956476
93 5 82.043711
49 42 94.446089
88 51 97.422067
40 31 76.514761
51 67 83.053118
51 47 94.902751
40 22 90.545603
84 41 99.231842
92 39 68.468103
36 53 93.242674
14 67 62.383681
17 8 55.591903
86 39 54.315662
6 96 50.123733
38 68 82.679939
83 45 55.821392
91 94 96.720103
72 71 51.978518
64 31 65.705928
37 69 58.794395
56 83 91.595057
71 10 77.324382
74 10 94.073342
34 4 93.691702
83 58 82.167565
47 88 79.802078
52 43 51.054076
85 20 64.025036
4 44 71.208883
54 46 66.947052
88 72 84.981512
14 4 53.252594
77 21 61.393141
78 36 82.403578
80 64 79.767355
81 67 94.446259
53 72 77.306329
15 62 70.312957
89 24 93.678102
96 42 95.774432
17 12 63.555632
22 5 56.061783
42 6 51.366335
63 26 67.871293
56 66 56.185515
63 44 84.046274
90 68 73.692685
8 73 52.905619
34 64 86.024792
38 52 89.398613
26 93 61.700013
12 44 77.619849
70 42 66.722995
74 33 55.773355
74 25 71.311550
82 13 98.890560
38 6 85.575433
56 20 72.365626
89 17 62.915596
61 31 56.784316
49 55 89.312679
20 21 97.897108
98 8 60.036910
17 2 50.705820
0 53 80.300686
90 27 89.804265
64 3 95.152079
51 19 57.607015
85 10 60.117222
61 92 88.830181
29 71 53.381447
82 82 73.672854
82 60 94.891963
66 59 54.747782
14 73 91.544148
50 51 51.077478
20 10 88.794056
60 93 65.236833
39 98 53.983097
27 12 74.818848
92 50 54.635446
77 40 65.683110
44 74 52.438696
84 51 71.358441
26 31 71.456466
54 83 73.750247
23 83 70.249001
92 76 57.031899
16 15 96.115873
84 8 83.164597
0 8 63.816215
53 91 85.428552
15 12 81.061705
75 62 73.853125
21 11 86.134371
88 96 61.362391
6 3 63.657390
0 191 162.572901 31.906112
0 187 137.938812 13.038405
0 185 147.549225 33.837849
0 179 140.233262 34.539832
0 178 144.701706 19.235384
0 176 194.894934 37.121422
0 175 130.017188 52.201533
0 167 154.197270 34.785054
0 162 177.983229 30.083218
0 155 132.172145 37.000000
0 148 131.785382 30.066593
0 139 108.456894 36.055513
0 132 140.138339 21.377558
0 130 181.423077 56.462377
0 114 117.727786 37.576588
0 112 171.504560 11.401754
0 102 186.300470 14.764823
0 100 160.444669 25.612497
0 95 114.417491 41.000000
0 91 133.800964 16.763055
0 89 100.942670 48.093659
0 81 128.481289 23.537205
0 76 126.032710 27.856777
0 72 167.271864 18.027756
0 69 156.113718 15.524175
0 66 196.889814 22.561028
0 59 129.395274 29.529646
0 51 103.819968 64.031242
0 19 169.158556 15.811388
1 183 152.120056 31.780497
1 141 131.134748 11.180340
1 130 131.731457 14.035669
1 115 190.058868 23.853721
1 111 178.683973 21.189620
1 103 171.964719 15.231546
1 88 134.760575 60.464866
1 87 173.578907 35.057096
1 74 101.981907 26.683328
1 61 188.957844 32.140317
1 51 151.562135 8.062258
1 42 134.154052 22.022716
1 36 120.743226 86.556340
2 140 160.019030 22.203603
2 122 174.292391 29.154759
2 116 102.166303 13.416408
2 105 177.746816 82.855296
2 101 145.796951 16.278821
2 93 188.466774 98.229324
2 49 138.191485 46.529560
2 48 160.214442 36.715120
2 32 122.267738 16.552945
2 31 139.134155 9.219544
2 12 188.695731 47.010637
3 188 148.300448 14.035669
3 172 106.406019 10.630146
3 170 144.809449 67.186308
3 149 145.190261 27.202941
3 138 135.801293 21.400935
3 132 148.629417 40.496913
3 123 114.348818 12.041595
3 113 187.921350 56.612719
3 108 179.764165 40.718546
3 81 146.080275 38.897301
3 79 177.980218 39.623226
3 73 158.448138 55.803226
3 64 118.044993 17.464249
3 61 112.740792 68.007353
3 49 132.027044 12.206556
3 18 120.026900 48.052055
4 192 101.698637 25.942244
4 160 183.589179 19.416488
4 157 154.180952 6.324555
4 156 122.441863 2.828427
4 154 143.608209 61.392182
4 144 128.473342 56.356011
4 132 124.608166 23.430749
4 127 121.355025 29.154759
4 121 174.270293 8.000000
4 116 113.074940 92.633687
4 96 159.546509 24.083189
4 88 134.484736 31.827661
4 85 135.342677 12.727922
4 84 198.680664 24.083189
4 83 123.180467 64.288413
4 70 183.643125 37.643060
4 62 105.086684 22.022716
4 61 167.989916 15.811388
4 59 128.833387 44.654227
4 55 140.887977 4.000000
4 54 116.619332 29.614186
4 52 143.182204 44.271887
4 44 128.809327 3.605551
4 42 196.383497 31.780497
4 30 189.262479 31.906112
4 27 106.789545 28.178006
4 26 154.831635 24.186773
4 21 107.307472 23.769729
4 12 119.530337 35.510562
4 11 186.858679 26.248809
4 6 127.334372 9.433981
5 194 121.228974 15.524175
5 188 170.447858 8.602325
5 181 181.515323 24.166092
5 178 143.670837 25.019992
5 172 114.056067 20.000000
5 164 109.988666 62.177166
5 160 168.279003 56.435804
5 139 135.411092 5.656854
5 117 184.258959 13.601471
5 104 181.353943 34.000000
5 101 194.957601 21.587033
5 96 118.743695 27.892651
5 88 116.696620 23.000000
5 84 193.638266 73.389373
5 73 141.924161 36.069378
5 62 100.339745 70.519501
5 59 198.724949 8.246211
5 54 109.914077 23.345235
5 40 129.173132 22.803509
5 33 139.612926 15.231546
5 8 126.533409 11.045361
6 185 172.355336 42.941821
6 178 168.422253 20.518285
6 163 122.916906 24.207437
6 159 161.617815 39.698866
6 149 175.211798 41.231056
6 148 177.748541 8.062258
6 147 168.925287 31.048349
6 141 194.742135 27.730849
6 135 164.607220 19.849433
6 133 196.259659 43.266615
6 132 115.971109 14.142136
6 130 135.055078 26.400758
6 126 177.774982 43.863424
6 113 159.641945 58.830264
6 111 149.111145 28.160256
6 110 187.763648 20.615528
6 104 127.920948 16.155494
6 102 184.522236 22.203603
6 94 172.022607 17.492856
6 85 109.274890 4.123106
6 84 179.479838 30.675723
6 76 190.766302 45.617979
6 69 125.971511 16.124515
6 68 173.118103 31.384710
6 55 132.690463 8.062258
6 46 126.311256 54.708317
6 42 171.843053 39.962482
6 38 142.604540 47.169906
6 35 155.484387 58.034473
6 30 111.455979 41.340053
6 26 169.137950 31.016125
6 17 127.839723 36.138622
7 161 179.878232 18.357560
7 160 192.054856 27.294688
7 159 189.457538 49.929951
7 148 155.090030 20.248457
7 146 169.803397 18.384776
7 141 158.382825 12.727922
7 136 149.832165 3.605551
7 135 134.410616 12.369317
7 121 154.642484 16.124515
7 103 165.803274 30.870698
7 87 169.465694 20.000000
7 85 132.417466 18.384776
7 84 125.445219 26.683328
7 80 118.576839 43.908997
7 72 120.181114 41.773197
7 64 153.366167 64.404969
7 59 103.099075 48.104054
7 55 192.203721 8.246211
7 51 162.641057 16.552945
7 48 182.578913 48.836462
7 44 182.970022 7.810250
7 26 188.612568 26.476405
7 11 155.697016 20.124612
8 188 115.660486 8.485281
8 185 114.923823 16.278821
8 172 127.540068 15.033296
8 151 158.265026 29.068884
8 150 170.408211 52.153619
8 148 138.996047 33.136083
8 139 127.402976 8.602325
8 132 198.247934 31.575307
8 128 118.874279 17.029386
8 123 119.457832 7.211103
8 120 187.705472 13.416408
8 119 173.964310 35.355339
8 108 189.261229 31.320920
8 90 146.088297 9.486833
8 85 123.796475 37.121422
8 70 123.671845 72.034714
8 66 100.730781 30.413813
8 64 189.599748 16.124515
8 60 193.137539 31.953091
8 50 133.148246 20.248457
8 49 115.044967 2.000000
8 44 111.714378 50.960769
8 38 153.329360 70.455660
8 37 168.411133 70.837843
8 33 114.813453 21.400935
8 28 145.533080 49.648766
9 186 131.052190 16.643317
9 184 197.392365 29.681644
9 175 128.503103 12.083046
9 167 119.664758 93.770998
9 161 153.089381 48.166378
9 155 144.163589 32.526912
9 149 134.588581 4.242641
9 147 180.629450 37.013511
9 142 102.428615 23.194827
9 137 104.996792 13.038405
9 133 119.625497 8.602325
9 127 129.831591 12.206556
9 123 103.244726 41.146081
9 92 138.499776 13.341664
9 56 149.289423 69.462220
9 51 190.950198 39.051248
9 50 112.464086 14.866069
9 47 138.550651 20.124612
9 29 137.038495 9.848858
9 11 136.260560 14.560220
10 189 162.222496 39.395431
10 180 137.769276 6.082763
10 175 125.860308 45.276926
10 174 155.360035 28.600699
10 172 170.917522 7.280110
10 142 140.905275 67.955868
10 139 167.074413 27.658633
10 122 124.246882 37.202150
10 115 109.316408 65.795137
10 98 181.887866 60.008333
10 21 169.779962 84.581322
11 188 140.368599 47.423623
11 184 179.280231 16.278821
11 183 198.283065 3.162278
11 176 160.033356 24.351591
11 175 132.369613 11.401754
11 157 142.446654 30.016662
11 149 194.621938 17.029386
11 141 112.999062 27.000000
11 139 144.875268 41.677332
11 138 199.618729 17.888544
11 136 132.624559 18.601075
11 125 174.706859 43.657760
11 122 102.863455 55.027266
11 118 171.124335 8.485281
11 115 123.996282 12.369317
11 96 193.813653 33.060551
11 87 183.588421 39.051248
11 80 162.546933 36.891733
11 74 130.852149 7.211103
11 54 119.848981 24.698178
11 45 124.769429 30.083218
11 29 168.621424 5.000000
11 21 145.709289 29.427878
11 19 180.129464 41.194660
11 17 139.538946 11.661904
11 13 186.614564 22.360680
12 189 147.203877 37.202150
12 186 163.785828 32.572995
12 185 195.930973 15.811388
12 180 129.091743 32.756679
12 157 133.565790 41.677332
12 152 136.299571 17.492856
12 138 108.371974 28.635642
12 119 131.848855 50.328918
12 98 196.332928 34.481879
12 97 140.741587 30.805844
12 96 174.295509 12.369317
12 91 190.954865 38.626416
12 88 153.740649 8.944272
12 87 119.170777 41.484937
12 84 190.573594 57.939624
12 81 186.365208 14.317821
12 79 193.877636 13.416408
12 70 193.437050 54.918121
12 69 157.489543 23.537205
12 65 117.873917 33.241540
12 64 187.250703 30.016662
12 63 141.077963 62.425956
12 59 180.420850 9.219544
12 54 118.102851 13.038405
12 39 160.926944 14.317821
12 32 105.190279 48.662100
12 30 186.724276 65.764732
12 23 106.636233 50.358713
12 22 185.319743 12.165525
12 21 126.263222 56.586217
12 19 193.250797 14.866069
12 18 132.523620 24.515301
13 197 190.049050 61.351447
13 192 189.181770 23.537205
13 188 161.615363 57.697487
13 187 123.614840 53.000000
13 186 125.481341 20.615528
13 184 169.987337 9.219544
13 183 155.463695 23.021729
13 165 121.814268 29.832868
13 148 110.728924 20.615528
13 140 129.759203 71.112587
13 137 112.769133 33.015148
13 136 164.469573 5.099020
13 133 148.929980 41.976184
13 122 103.342727 56.639209
13 121 150.834781 15.000000
13 119 142.807616 64.132675
13 108 196.779777 32.249031
13 95 108.324324 6.324555
13 87 160.681534 18.027756
13 84 184.030480 24.515301
13 73 149.402287 59.464275
13 69 141.102384 31.780497
13 54 102.133331 31.780497
13 51 110.329231 16.763055
13 16 146.292663 42.296572
14 197 188.857607 13.601471
14 195 116.965464 19.235384
14 191 131.612405 20.000000
14 187 115.120829 28.635642
14 179 110.216261 13.892444
14 147 164.136025 67.416615
14 145 105.169878 10.440307
14 144 199.398031 10.198039
14 143 125.751388 17.492856
14 141 128.784718 60.745370
14 134 124.879372 18.027756
14 131 195.738726 49.648766
14 126 184.248414 2.236068
14 79 146.693640 52.773099
14 78 106.467650 20.880613
14 72 114.007617 23.086793
14 63 159.462773 16.552945
14 38 170.937223 20.000000
14 35 162.937597 40.459857
14 27 162.805501 27.166155
15 192 121.772004 91.241438
15 186 105.745213 49.335586
15 180 159.585277 10.295630
15 174 130.096328 20.615528
15 133 166.426747 32.202484
15 111 143.615757 63.324561
15 95 179.498615 65.122961
15 70 107.529131 94.641429
15 69 145.749088 63.568860
15 64 189.827846 18.384776
15 44 153.821793 70.178344
15 29 134.606695 46.518813
15 22 106.793311 39.204592
16 196 185.434199 14.212670
16 192 149.727524 65.000000
16 190 117.009572 8.544004
16 184 149.570224 33.734256
16 183 154.897402 24.351591
16 174 116.407603 9.219544
16 152 175.321612 50.566788
16 148 183.682121 35.805028
16 147 141.286975 28.861739
16 138 171.060338 6.708204
16 127 167.930534 15.033296
16 111 187.980615 34.928498
16 106 177.527988 60.827625
16 92 181.938151 7.810250
16 90 147.443388 21.587033
16 85 148.465211 39.115214
16 69 144.875748 50.209561
16 62 110.248888 65.306967
16 47 170.237215 9.055385
16 39 150.620962 28.071338
16 36 169.834166 51.039201
16 34 100.333542 86.452299
17 183 117.047709 8.602325
17 175 113.449923 22.671568
17 149 179.832158 24.698178
17 148 124.576839 36.013886
17 142 159.199011 4.242641
17 141 169.660004 23.259407
17 105 178.398633 12.529964
17 94 193.805707 44.407207
17 80 176.453314 48.548944
17 74 163.832831 6.000000
17 72 143.533230 63.245553
17 58 193.462886 43.278170
17 47 113.403055 37.643060
17 45 198.430632 29.206164
17 29 109.870490 14.866069
18 198 188.724668 66.189123
18 185 182.112753 39.560081
18 179 151.157464 46.615448
18 178 159.785005 16.124515
18 170 150.043287 19.313208
18 169 139.138079 34.525353
18 155 137.312993 13.000000
18 151 131.981438 36.124784
18 140 186.581467 49.739320
18 138 185.778203 37.802116
18 135 176.857186 24.839485
18 113 196.830356 53.254108
18 102 156.015418 16.970563
18 97 127.478148 13.416408
18 93 166.664522 34.785054
18 91 156.348960 42.201896
18 85 144.525857 5.830952
18 84 180.114445 34.000000
18 83 136.181118 49.244289
18 81 169.102696 10.198039
18 55 139.313456 14.142136
18 54 105.841122 24.351591
18 40 147.501329 36.796739
18 35 133.119163 52.086467
18 20 182.294436 77.103826
19 186 111.334160 36.221541
19 178 176.652393 4.472136
19 175 175.757323 36.400549
19 163 124.737216 8.062258
19 152 175.083025 11.180340
19 148 185.627812 15.297059
19 144 113.461883 49.396356
19 137 157.195778 36.235342
19 132 136.785277 6.082763
19 129 173.246889 5.656854
19 127 107.239065 36.687873
19 126 175.923356 45.221676
19 125 110.559881 45.221676
19 121 139.220503 22.627417
19 108 162.504823 3.000000
19 88 196.338085 6.082763
19 84 116.077689 47.707442
19 80 159.335179 26.000000
19 73 152.353503 25.317978
19 69 143.555837 9.000000
19 66 125.999701 7.000000
19 55 108.702463 26.832816
19 53 188.081694 55.226805
19 49 106.114145 31.622777
19 43 144.883581 35.355339
19 35 157.184391 43.965896
19 34 145.427602 42.449971
20 196 150.724703 76.557168
20 194 104.685719 48.041649
20 173 178.546764 32.557641
20 156 133.019139 91.438504
20 153 116.019880 21.000000
20 150 155.199157 20.223748
20 139 108.776461 52.392748
20 116 140.757096 3.162278
20 113 130.282182 27.513633
20 83 194.404274 45.276926
20 82 154.218979 72.000000
20 60 187.477960 36.796739
20 40 131.189550 40.459857
20 31 127.465867 20.518285
21 171 194.717025 15.000000
21 169 107.112906 35.510562
21 161 138.025749 7.071068
21 160 133.937528 38.052595
21 158 169.617730 15.000000
21 149 134.363833 46.173586
21 142 150.015218 20.099751
21 141 128.952909 5.385165
21 127 186.717336 37.643060
21 117 193.571055 72.470684
21 75 154.952609 77.006493
21 67 195.419799 12.165525
21 58 181.652749 25.079872
21 55 161.066754 25.553865
21 51 140.303379 4.123106
21 45 138.837140 13.000000
21 42 106.494356 21.931712
21 40 191.028082 74.625733
22 186 143.522859 20.615528
22 185 185.041120 25.806976
22 184 124.047221 22.472205
22 172 159.542739 33.241540
22 163 140.240277 16.492423
22 162 132.823682 28.284271
22 161 100.299835 48.373546
22 158 170.522459 49.040799
22 146 127.227956 33.060551
22 123 154.518813 25.632011
22 108 158.000420 18.439089
22 107 158.417506 16.124515
22 106 181.984681 37.536649
22 101 152.717445 43.046487
22 83 165.530413 56.089215
22 81 120.010430 15.000000
22 77 186.654973 48.507731
22 50 135.148142 17.804494
22 48 154.374263 22.135944
22 47 136.670191 18.027756
22 36 164.101051 35.777088
22 24 141.091599 18.867962
23 197 130.241246 47.539457
23 189 119.053660 34.409301
23 178 136.511397 47.169906
23 177 111.893995 21.095023
23 164 180.120414 38.013156
23 154 176.814777 14.212670
23 152 150.731134 35.128336
23 140 186.614770 13.892444
23 132 167.842859 51.788030
23 131 194.253994 11.045361
23 116 171.655890 41.109610
23 115 191.890080 84.528102
23 112 153.796733 33.060551
23 106 111.896168 44.102154
23 104 124.713762 47.801674
23 99 154.096567 2.236068
23 83 182.418627 9.899495
23 82 151.941718 34.058773
23 78 108.615381 46.872167
23 57 140.419046 7.810250
23 56 110.359224 39.051248
23 35 190.600062 21.213203
23 34 193.136491 42.154478
24 194 175.889637 16.124515
24 189 110.610491 32.984845
24 180 179.791464 18.681542
24 174 111.037779 27.892651
24 163 164.984754 20.880613
24 151 116.461655 23.706539
24 149 175.138830 35.693137
24 148 106.076353 32.015621
24 137 146.702900 27.313001
24 129 194.192490 32.140317
24 123 142.587750 8.062258
24 122 158.596895 18.973666
24 117 174.312904 18.384776
24 104 119.402527 33.541020
24 97 109.328029 44.911023
24 89 160.927674 24.207437
24 80 187.245386 5.000000
24 79 103.582023 24.413111
24 74 132.583565 48.414874
24 71 179.135465 44.944410
24 57 157.378756 49.040799
24 46 144.479732 39.560081
25 194 103.849227 36.359318
25 187 111.475323 30.083218
25 171 126.898359 71.421285
25 163 155.790945 15.811388
25 155 120.090704 40.249224
25 144 167.317406 56.293872
25 120 166.150169 39.560081
25 116 110.690765 45.607017
25 102 160.453897 16.278821
25 85 142.039805 35.227830
25 82 121.301257 48.600412
25 81 140.245361 25.553865
25 80 153.077584 26.400758
25 76 186.286011 45.354162
25 75 156.707015 40.718546
25 73 128.216414 14.212670
25 65 192.362363 14.317821
25 61 103.409916 55.000000
25 60 122.408903 7.211103
25 59 134.950114 15.264338
25 54 162.006810 32.000000
25 52 196.721807 43.185646
25 43 154.352641 27.658633
25 40 171.334840 3.605551
26 194 157.649482 86.833173
26 170 141.598026 26.832816
26 136 174.916863 29.154759
26 130 190.233046 16.401219
26 129 120.733492 42.720019
26 115 132.295619 33.837849
26 108 134.712779 46.647615
26 107 124.582719 64.621978
26 98 143.770942 37.854986
26 97 161.611138 37.643060
26 91 180.373664 70.455660
26 74 163.861646 42.047592
26 58 128.928543 6.403124
26 55 146.523832 28.160256
26 43 174.552411 71.196910
26 27 189.382440 16.031220
27 192 188.563638 25.079872
27 184 195.853668 38.470768
27 177 129.627801 80.709355
27 176 141.641222 53.460266
27 166 182.139678 42.190046
27 164 186.334816 41.785165
27 162 169.857636 25.079872
27 159 174.502041 21.000000
27 145 189.744732 17.000000
27 129 192.266539 37.656341
27 126 109.452155 25.079872
27 124 151.751542 12.649111
27 109 188.988347 24.839485
27 104 163.804796 37.363083
27 70 123.086382 16.031220
27 68 146.637828 7.071068
27 63 105.402822 42.190046
27 61 198.003245 12.806248
27 44 136.870875 26.627054
27 30 126.136314 40.792156
28 198 130.298863 77.781746
28 185 171.583653 34.785054
28 177 150.719033 12.369317
28 155 174.069805 73.006849
28 153 133.194791 17.000000
28 151 131.092696 31.144823
28 143 137.931450 73.246160
28 132 162.123334 58.051701
28 116 177.616529 12.083046
28 99 112.483861 28.861739
28 80 151.505775 49.040799
28 69 166.180166 59.816386
28 53 108.337529 13.453624
28 43 181.133576 43.046487
28 34 107.821388 69.462220
28 31 190.477207 10.630146
29 190 167.468392 20.223748
29 185 177.679024 48.466483
29 181 164.979248 65.299311
29 175 157.213124 8.062258
29 172 169.945563 45.607017
29 163 174.431403 40.012498
29 161 108.964666 39.000000
29 139 158.933909 39.395431
29 133 138.236199 16.031220
29 132 132.051048 36.400549
29 130 105.571738 36.221541
29 127 143.639021 6.324555
29 113 130.054293 75.802375
29 111 142.442612 17.262677
29 110 169.775334 15.811388
29 105 160.353156 5.099020
29 94 114.026265 34.365681
29 92 120.494367 22.022716
29 75 134.422961 79.202273
29 62 147.221056 50.328918
30 170 151.587063 48.259714
30 168 172.354411 15.811388
30 165 109.344391 6.082763
30 161 129.203592 10.440307
30 160 184.838273 43.416587
30 158 160.850165 17.029386
30 157 195.383758 27.313001
30 155 193.175801 40.311289
30 141 141.983741 14.142136
30 128 103.205146 90.443352
30 125 183.653008 25.317978
30 70 109.452133 56.435804
30 60 180.884169 86.400231
30 58 148.632257 28.071338
30 51 166.665257 12.649111
30 48 150.829732 75.690158
30 43 123.063660 90.443352
31 194 175.629923 36.400549
31 189 109.763642 6.403124
31 149 161.299858 71.700767
31 139 107.680971 34.525353
31 122 115.335379 20.124612
31 113 104.938879 12.083046
31 89 137.735264 20.808652
31 65 157.777992 21.023796
31 64 174.714213 35.468296
31 56 198.088420 50.000000
31 52 171.804257 61.983869
31 37 195.208580 49.477268
31 36 132.511381 14.317821
32 177 119.025313 9.848858
32 152 146.795643 37.121422
32 127 104.865792 78.771822
32 101 128.369704 25.942244
32 100 175.999235 13.892444
32 88 189.704065 46.818800
32 83 189.219870 21.587033
32 59 171.382992 42.011903
32 57 182.879866 8.544004
32 40 131.203611 26.925824
33 188 174.588138 13.038405
33 184 166.532874 60.464866
33 178 140.655744 39.623226
33 122 155.472307 21.840330
33 119 115.165131 48.166378
33 117 107.321000 22.561028
33 116 106.302039 37.483330
33 113 138.228791 37.013511
33 110 182.950923 63.890531
33 102 116.065681 41.109610
33 101 199.528649 17.492856
33 74 190.631894 67.268120
33 54 131.401060 37.802116
33 43 104.467528 56.603887
33 40 128.367158 30.463092
34 195 189.179052 5.656854
34 179 179.181741 6.082763
34 169 126.455577 46.840154
34 162 160.983309 44.598206
34 144 174.390322 11.401754
34 143 158.966958 4.472136
34 130 180.008623 66.121101
34 128 121.185965 77.252832
34 112 163.832750 40.718546
34 109 108.378327 21.840330
34 107 197.185199 60.207973
34 85 153.536815 50.119856
34 76 197.598197 4.000000
34 73 168.568192 35.227830
34 65 136.416681 41.012193
34 63 128.801808 6.324555
34 61 143.156329 48.000000
34 53 102.949555 62.641839
34 52 169.457551 11.045361
34 46 198.628637 48.041649
34 38 118.114686 3.162278
35 178 176.778552 47.169906
35 166 104.930676 33.837849
35 164 156.343476 19.104973
35 158 159.729475 78.847955
35 101 120.996357 51.894123
35 100 155.872125 30.083218
35 85 150.361369 57.314920
35 73 152.397418 24.041631
35 65 160.339653 26.925824
35 52 178.728527 29.410882
35 43 141.576470 10.630146
35 40 139.521395 37.536649
35 37 105.184104 4.123106
36 196 102.559779 43.965896
36 181 113.911716 23.769729
36 167 164.151062 39.661064
36 147 182.568402 24.698178
36 146 135.097681 57.454330
36 145 127.983812 69.584481
36 131 190.946729 42.449971
36 129 132.282880 37.215588
36 121 181.520626 53.823787
36 117 188.544925 8.602325
36 100 100.851072 20.615528
36 83 117.937307 35.468296
36 71 117.346733 38.052595
36 54 144.007401 36.249138
36 53 120.886862 32.015621
36 43 186.804284 38.587563
36 39 142.636038 23.000000
36 37 139.001547 51.971146
37 191 163.582836 17.492856
37 173 147.566714 46.529560
37 167 195.345024 24.041631
37 164 123.312311 15.811388
37 154 168.563071 14.866069
37 131 151.217149 14.317821
37 120 173.673680 76.850504
37 106 120.960489 33.015148
37 103 111.556802 89.560036
37 94 152.402207 52.392748
37 91 162.536959 19.723083
37 90 151.078197 67.675697
37 89 157.586311 66.640828
37 86 165.096737 34.828150
37 82 164.989914 9.219544
37 72 121.737373 32.388269
37 71 147.665139 25.000000
37 65 100.087594 29.966648
37 61 149.721185 61.611687
38 195 138.611868 8.602325
38 191 132.370475 5.656854
38 187 131.241811 13.416408
38 183 127.156793 78.390050
38 179 133.221546 9.000000
38 170 149.179118 31.000000
38 164 144.503526 2.000000
38 155 177.228948 55.036352
38 143 170.065980 7.615773
38 136 131.307810 60.440053
38 134 119.864985 16.155494
38 124 109.067527 51.788030
38 109 194.890646 20.223748
38 107 167.431699 57.140179
38 100 104.412551 43.104524
38 97 118.202958 28.635642
38 93 135.994771 51.244512
38 89 155.629700 72.780492
38 75 191.876638 5.000000
38 63 156.955259 9.486833
38 41 167.186502 18.027756
39 188 144.278845 8.246211
39 185 119.492218 12.041595
39 183 118.264700 43.829214
39 173 101.865156 27.294688
39 172 184.588955 17.720045
39 155 183.254613 35.846897
39 151 123.602530 24.596748
39 149 132.254094 34.713110
39 142 183.342208 51.855569
39 128 173.323715 15.811388
39 123 170.865962 8.000000
39 120 115.712682 16.492423
39 118 104.565526 40.360872
39 104 198.022755 33.734256
39 103 148.934229 79.177017
39 101 153.744644 28.635642
39 95 142.526281 45.310043
39 84 126.163176 70.342022
39 79 123.810624 25.000000
39 75 173.834091 65.000000
39 73 146.028162 40.804412
39 59 132.878151 11.401754
39 54 168.724738 18.027756
39 50 113.459861 23.537205
39 49 137.290702 2.828427
40 189 186.927695 22.472205
40 188 149.454632 31.144823
40 173 192.920402 9.219544
40 146 178.804333 48.166378
40 128 106.409891 30.528675
40 117 160.106904 9.219544
40 115 123.083179 59.615434
40 112 125.902109 10.295630
40 109 178.371604 41.000000
40 105 124.948335 58.051701
40 104 110.491064 26.907248
40 101 161.626217 19.235384
40 100 148.550865 14.000000
40 96 142.745158 28.178006
40 95 144.968425 51.039201
40 88 121.874579 20.124612
40 85 113.611120 38.832976
40 79 160.681107 12.206556
40 65 126.440105 12.083046
40 60 111.633875 4.123106
40 59 109.615335 17.088007
40 49 180.184749 30.886890
40 43 154.160156 26.907248
41 195 135.778511 17.000000
41 170 103.995373 25.806976
41 164 127.994247 19.723083
41 147 181.806673 67.230945
41 145 136.873524 12.165525
41 144 196.718985 8.062258
41 143 195.266534 15.264338
41 138 174.164225 81.055537
41 134 183.646680 16.000000
41 105 144.721166 74.652528
41 91 167.084627 44.922155
41 86 162.451014 1.414214
41 76 151.131056 13.892444
41 60 127.191531 62.000000
41 56 185.534193 26.172505
41 54 177.033165 66.573268
41 42 105.563135 55.036352
42 197 110.482528 64.629715
42 192 187.524229 6.082763
42 161 167.189352 15.524175
42 158 159.033393 11.401754
42 135 130.269388 20.615528
42 133 112.157777 70.064256
42 129 180.907972 52.630789
42 125 143.880508 13.601471
42 124 172.838884 16.124515
42 120 107.348077 70.213959
42 62 155.514383 15.652476
42 56 182.454219 59.059292
43 189 187.532826 42.201896
43 158 109.674540 74.846510
43 151 118.232730 30.413813
43 140 191.528199 20.099751
43 122 137.668787 36.124784
43 112 100.039403 25.495098
43 83 128.401722 6.708204
43 82 134.387772 22.472205
43 76 195.305937 27.856777
43 75 102.565948 19.416488
43 63 118.034452 32.249031
43 53 140.027103 36.055513
43 49 169.650575 57.008771
43 48 180.485466 39.204592
44 182 191.158159 49.648766
44 170 196.842106 24.698178
44 160 166.019659 19.697716
44 157 168.191324 3.000000
44 156 102.405241 5.000000
44 150 176.502186 79.881162
44 146 155.715553 11.180340
44 141 169.594594 15.524175
44 135 135.535579 7.615773
44 130 185.984941 13.601471
44 129 181.752371 26.627054
44 125 116.443551 18.000000
44 121 129.865449 10.440307
44 111 154.591254 21.095023
44 106 123.791628 34.132096
44 94 185.379832 29.832868
44 77 137.045473 23.345235
44 67 111.324454 8.944272
44 66 195.054372 26.870058
44 65 155.278203 61.294372
44 61 102.852652 13.892444
44 55 132.723159 7.280110
44 54 155.317606 32.984845
44 50 131.254375 42.296572
44 47 167.110931 46.010868
45 192 150.623544 14.317821
45 175 133.820322 38.013156
45 169 185.145383 25.495098
45 168 190.650646 10.295630
45 162 103.470897 21.931712
45 158 165.630849 9.055385
45 157 181.808805 7.615773
45 156 100.313003 13.038405
45 148 131.650507 28.425341
45 145 150.000130 42.154478
45 137 102.718245 42.011903
45 135 108.152694 4.123106
45 133 105.715683 50.487622
45 125 172.312838 13.892444
45 124 143.688272 15.620499
45 110 191.700624 19.235384
45 95 154.065209 13.601471
45 93 160.131823 21.633308
45 74 121.566072 25.942244
45 67 108.656463 2.236068
45 62 183.923451 16.401219
45 56 106.945904 48.662100
46 196 145.701936 58.034473
46 185 195.247904 28.792360
46 180 102.000276 51.865210
46 176 100.980139 49.254441
46 153 198.100557 30.364453
46 140 134.723434 2.828427
46 128 156.297746 38.418745
46 113 129.354931 4.242641
46 107 101.834365 34.132096
46 101 106.921289 20.248457
46 100 163.175254 2.000000
46 99 186.979748 14.764823
46 80 197.571936 41.593269
46 76 166.646151 48.373546
46 69 152.610596 40.459857
47 198 179.380741 25.553865
47 196 166.959154 12.000000
47 190 184.261104 17.117243
47 185 129.380870 31.000000
47 173 169.677398 46.097722
47 152 192.413798 43.046487
47 132 135.096553 35.000000
47 128 141.990236 31.304952
47 127 136.102070 17.888544
47 124 126.797177 64.124878
47 123 196.055445 21.023796
47 118 196.233893 30.083218
47 112 148.363249 44.294469
47 98 104.711908 31.048349
47 97 180.157344 51.865210
47 96 155.309153 31.400637
47 88 150.413844 33.421550
47 66 175.405248 33.600595
47 62 157.309428 65.122961
47 54 151.393983 16.643317
47 49 173.505805 17.262677
48 185 192.032862 8.000000
48 164 107.691729 51.000000
48 163 102.860737 12.083046
48 145 193.867227 60.033324
48 140 114.613018 29.274562
48 139 166.035990 10.816654
48 137 180.846975 36.055513
48 131 112.184954 45.650849
48 129 132.682141 24.351591
48 122 133.457571 7.615773
48 113 191.565695 30.016662
48 108 199.641294 20.248457
48 106 117.718675 35.227830
48 101 120.946565 21.931712
48 94 169.318693 18.601075
48 85 110.132472 32.202484
48 75 156.043118 50.774009
48 72 111.308929 41.303753
48 69 146.234542 28.284271
48 50 182.840295 35.227830
49 197 107.364374 75.663730
49 188 142.468436 7.211103
49 174 131.203544 24.515301
49 167 112.076282 62.769419
49 165 122.625780 79.755878
49 160 186.512697 57.035077
49 159 162.490127 73.763134
49 155 198.031028 37.000000
49 148 143.822125 33.376639
49 147 113.884110 11.180340
49 139 171.536833 7.071068
49 135 135.854987 59.135438
49 117 121.575839 21.931712
49 101 174.397570 30.265492
49 90 129.722214 10.295630
49 80 136.188857 6.000000
49 65 140.433560 42.941821
49 64 110.569189 15.231546
50 197 148.373811 82.734515
50 188 173.115700 28.178006
50 186 144.026760 19.646883
50 180 139.939505 29.832868
50 175 172.756995 10.440307
50 168 161.745435 44.384682
50 166 160.886070 92.021737
50 158 142.075687 57.078893
50 138 171.877907 3.605551
50 134 116.929189 92.633687
50 133 153.384616 9.219544
50 90 118.112449 16.124515
50 88 199.769484 34.481879
50 81 160.748991 32.526912
50 79 160.580885 40.853396
50 66 130.973027 33.241540
51 192 172.825273 21.095023
51 186 183.206665 27.313001
51 176 117.485724 43.931765
51 168 135.315399 5.099020
51 161 181.237693 10.816654
51 149 161.307849 42.296572
51 141 149.199509 6.324555
51 122 152.774526 72.201108
51 110 197.162836 18.601075
51 104 170.775348 48.703183
51 99 127.172095 96.135321
51 84 126.885050 28.319605
51 76 106.964205 72.691127
51 67 167.605655 13.152946
52 197 137.454239 10.816654
52 193 155.338015 31.320920
52 187 140.721355 14.560220
52 186 181.480999 63.812225
52 151 195.277521 47.169906
52 134 113.478350 20.615528
52 121 143.226434 36.769553
52 118 156.163591 59.941638
52 115 155.554037 60.166436
52 106 115.104341 17.204651
52 86 173.092780 14.035669
52 77 108.938654 28.635642
52 65 133.216790 41.231056
52 62 172.862264 41.773197
52 58 169.687644 41.303753
53 197 193.797675 68.007353
53 169 103.835291 96.426138
53 163 142.512917 52.392748
53 152 177.004340 44.102154
53 140 121.321015 19.798990
53 124 177.828317 96.208108
53 101 158.242032 27.459060
53 100 182.628863 21.260292
53 99 127.027826 19.235384
53 57 111.016558 16.552945
53 56 179.791699 56.035703
54 194 197.803174 33.615473
54 184 138.188653 22.825424
54 178 106.676750 18.357560
54 174 104.767379 27.202941
54 168 105.794308 40.804412
54 158 144.130989 49.648766
54 154 160.105394 56.320511
54 153 146.515663 51.855569
54 148 125.611988 16.278821
54 142 155.382915 34.985711
54 138 159.994014 16.552945
54 137 168.838422 14.560220
54 129 111.546506 22.022716
54 115 115.548051 29.000000
54 106 183.942762 38.948684
54 96 184.639286 14.866069
54 92 124.486705 30.000000
54 81 117.159552 16.401219
54 80 157.501549 13.601471
55 141 194.174349 20.248457
55 139 110.957228 41.593269
55 138 161.336840 33.241540
55 133 136.687266 40.311289
55 130 187.961568 19.849433
55 124 182.657855 25.019992
55 118 114.515583 14.866069
55 111 146.203600 20.396078
55 98 165.286718 14.212670
55 79 141.543409 36.891733
55 76 157.220158 52.554733
55 70 145.078417 40.311289
55 58 139.346583 23.021729
56 195 195.408811 25.455844
56 178 151.755167 27.018512
56 170 144.113961 21.095023
56 169 101.203119 41.109610
56 164 195.886156 15.811388
56 162 104.219355 28.017851
56 154 147.718782 25.238859
56 146 121.498144 30.265492
56 143 159.602270 24.083189
56 133 107.712796 69.202601
56 131 190.336565 32.202484
56 117 171.148776 38.327536
56 110 123.260847 52.172790
56 108 174.279327 24.758837
56 98 155.788062 51.923020
56 96 147.747551 29.832868
56 81 191.438880 28.600699
56 75 113.289611 17.464249
56 70 141.921900 25.079872
56 69 102.396108 17.000000
56 58 174.626451 42.047592
57 187 178.609166 34.985711
57 167 190.357675 11.313708
57 145 157.284305 64.660653
57 112 193.124749 29.120440
57 111 136.561275 86.833173
57 105 122.571024 80.622577
57 83 134.668158 13.152946
58 199 193.781432 65.620119
58 186 167.649441 41.109610
58 183 174.014740 43.416587
58 173 189.190243 72.422372
58 168 119.404608 24.207437
58 162 118.128701 21.470911
58 143 190.393362 54.000000
58 137 115.290764 52.773099
58 136 122.348057 25.000000
58 135 138.112144 10.816654
58 134 136.788908 57.558666
58 133 181.950327 62.361847
58 130 145.824939 16.124515
58 125 127.125473 3.605551
58 124 153.099103 2.000000
58 110 169.085786 31.780497
58 104 101.404800 37.202150
58 103 108.887164 23.086793
58 95 116.833337 21.095023
58 87 192.843680 11.401754
58 70 122.176775 28.442925
58 65 158.755238 68.014704
59 176 195.239788 21.023796
59 168 196.803225 59.413803
59 166 137.364404 72.498276
59 163 185.597463 13.152946
59 158 154.087531 65.192024
59 157 130.489153 50.774009
59 147 122.158737 9.219544
59 146 176.658554 44.944410
59 141 165.157311 60.827625
59 139 115.940170 7.211103
59 131 144.307995 49.244289
59 129 139.172051 25.495098
59 127 105.130413 37.363083
59 117 163.712603 9.000000
59 112 157.300753 18.601075
59 110 195.523774 45.803930
59 107 179.003367 4.123106
59 105 179.648809 44.384682
59 101 133.635918 23.021729
59 94 115.792275 18.788294
59 89 161.599136 24.596748
59 81 179.460858 22.847319
59 77 142.917748 58.051701
59 74 114.698239 51.429563
60 194 148.546644 33.970576
60 183 144.322548 64.031242
60 173 123.585403 5.099020
60 172 165.379981 40.459857
60 164 137.166228 46.097722
60 160 145.762177 52.839379
60 156 124.135219 55.000000
60 154 132.406016 28.425341
60 148 142.565403 39.661064
60 139 161.499623 23.769729
60 130 118.003478 71.700767
60 121 196.652933 48.795492
60 117 191.988776 8.246211
60 112 140.162216 14.317821
60 108 173.311487 28.319605
60 102 157.146087 23.345235
60 99 156.102385 27.513633
60 98 117.619483 57.384667
60 96 196.318138 31.064449
60 80 161.232798 28.442925
60 75 181.332086 44.922155
60 72 153.618891 41.976184
61 170 156.756573 16.278821
61 169 160.335453 13.341664
61 137 133.267701 49.729267
61 135 190.392491 11.180340
61 132 176.127728 32.695565
61 125 194.866837 9.219544
61 111 169.853349 33.970576
61 97 119.045476 25.806976
61 96 109.565075 34.785054
61 95 118.399993 18.027756
61 94 163.368024 37.000000
61 93 133.150478 12.165525
61 87 183.779974 5.830952
61 84 100.534252 11.401754
61 68 178.912655 17.492856
61 67 107.915193 17.000000
62 184 132.940268 31.575307
62 183 121.478058 46.065171
62 168 169.414816 26.172505
62 165 150.943746 27.018512
62 161 118.130991 19.697716
62 158 161.403592 11.704700
62 155 191.105962 33.015148
62 148 191.442479 35.902646
62 145 118.549679 29.154759
62 135 147.208347 13.416408
62 130 109.061961 17.804494
62 121 114.867817 23.086793
62 109 108.441145 33.615473
62 87 190.394047 13.892444
62 74 168.486709 42.190046
63 170 165.197718 35.171011
63 164 150.729500 11.401754
63 160 101.754409 40.261644
63 159 155.590208 21.377558
63 154 126.857228 34.365681
63 132 196.621246 51.623638
63 131 125.443557 36.400549
63 121 145.902704 51.478151
63 115 106.186322 74.846510
63 114 143.843550 2.000000
63 96 109.270728 55.154329
63 87 139.336800 48.270074
63 78 127.623523 5.099020
63 77 109.804980 41.012193
63 76 118.249455 8.485281
63 75 135.538716 13.000000
64 181 142.745248 14.764823
64 178 139.727513 40.049969
64 143 104.953532 86.406018
64 136 193.688994 60.835845
64 128 157.858505 5.830952
64 120 166.357124 28.284271
64 117 184.794955 26.925824
64 112 149.300984 41.231056
64 107 184.906803 24.020824
64 100 132.003302 45.453273
64 88 158.362945 38.118237
64 79 199.774620 37.643060
65 193 140.444447 52.924474
65 189 148.756992 26.172505
65 184 168.261329 59.481089
65 178 105.642165 30.594117
65 177 199.486493 17.088007
65 176 170.015739 46.043458
65 164 161.232373 36.000000
65 150 126.343721 20.000000
65 149 166.636985 70.859015
65 140 186.675930 7.071068
65 126 172.246426 54.817880
65 120 172.823306 53.851648
65 102 130.519480 27.202941
65 86 181.517154 54.744863
65 83 112.160106 13.453624
65 79 158.143003 21.095023
66 178 191.322133 6.403124
66 177 130.409562 48.548944
66 176 193.681719 16.278821
66 170 134.067381 28.284271
66 167 170.137075 55.326305
66 140 198.635251 42.720019
66 139 127.756374 25.079872
66 132 127.995580 1.414214
66 112 164.992375 19.924859
66 109 112.551330 29.154759
66 108 177.296563 4.000000
66 106 149.899178 21.931712
66 97 144.554632 18.357560
66 95 135.659508 22.803509
66 94 149.673799 4.000000
66 88 184.999079 8.485281
66 81 184.416501 1.000000
66 80 117.935128 24.186773
66 74 190.641244 38.052595
66 68 183.902994 40.112342
67 179 187.950866 63.560994
67 175 151.873617 36.000000
67 169 110.246715 27.658633
67 168 154.587851 8.544004
67 162 138.549548 22.135944
67 161 182.493141 9.899495
67 160 127.411157 26.305893
67 141 169.069028 7.000000
67 130 164.010294 5.000000
67 128 139.571263 72.945185
67 111 127.212031 18.027756
67 110 155.332427 17.117243
67 98 169.980825 20.024984
67 96 120.893750 36.069378
67 95 189.399808 12.727922
67 85 140.117900 24.839485
67 81 119.529001 34.713110
67 77 117.156183 27.294688
67 72 168.113480 43.011626
67 70 184.521376 42.544095
68 182 129.707512 25.495098
68 160 145.410043 13.601471
68 159 134.420555 14.035669
68 155 174.262144 39.357337
68 146 181.069552 21.954498
68 145 184.094353 10.049876
68 135 159.261223 28.653098
68 134 165.486053 38.118237
68 125 102.029481 22.203603
68 95 149.902467 33.421550
68 93 149.389046 17.262677
68 77 189.980347 7.211103
69 178 101.776084 13.152946
69 162 159.635761 14.764823
69 150 144.568198 53.150729
69 148 140.325632 16.155494
69 147 142.128902 29.120440
69 145 171.979355 32.557641
69 136 109.394659 30.066593
69 135 106.139196 33.615473
69 134 111.550618 48.083261
69 132 136.606690 10.000000
69 129 161.471623 6.403124
69 126 181.531444 36.769553
69 122 157.500440 32.893768
69 117 150.871432 31.622777
69 108 121.649344 9.486833
69 106 177.029441 10.630146
69 104 168.027615 4.123106
69 98 189.762824 35.510562
69 95 161.550818 25.495098
69 94 197.735127 14.764823
69 85 135.172867 15.132746
69 84 195.971372 40.459857
69 76 171.997271 33.301652
69 75 116.242419 34.438351
69 73 180.065725 28.178006
69 71 131.258494 17.029386
70 199 181.728471 37.215588
70 197 182.095206 22.360680
70 188 181.160960 76.791927
70 179 131.117518 23.194827
70 178 172.075553 44.553339
70 169 182.937044 21.377558
70 145 190.753279 1.414214
70 139 116.643751 65.764732
70 134 123.262676 29.154759
70 129 132.882181 37.107951
70 126 188.623106 9.486833
70 122 132.657335 62.289646
70 106 139.021377 24.186773
70 101 100.173724 75.504967
70 91 169.264025 47.707442
70 79 100.493000 48.041649
70 75 181.705168 30.528675
70 72 126.764465 18.439089
71 193 151.364432 42.449971
71 185 103.354511 39.217343
71 178 103.793906 23.600847
71 174 119.392047 68.014704
71 162 193.117335 30.594117
71 161 165.344724 61.351447
71 154 117.127173 20.248457
71 146 128.290202 33.837849
71 133 161.316096 66.887966
71 132 189.124444 24.698178
71 131 144.532621 27.892651
71 121 141.381822 33.541020
71 113 120.382937 34.481879
71 112 126.261092 16.763055
71 109 123.477028 17.492856
71 108 101.543898 22.360680
71 103 157.378610 69.771054
71 102 195.552581 19.209373
71 97 184.480942 16.155494
71 87 148.131889 36.674242
71 79 112.196332 20.591260
71 78 107.743618 33.837849
71 74 181.014070 62.513998
72 196 100.819437 51.623638
72 193 140.400953 42.544095
72 170 120.035446 13.416408
72 160 100.993162 17.720045
72 159 109.664979 19.026298
72 156 120.528447 35.902646
72 149 182.698330 66.708320
72 143 136.429444 25.553865
72 138 171.892879 59.396970
72 136 186.052841 40.521599
72 135 140.223350 38.209946
72 128 191.284925 63.505905
72 112 179.170176 28.160256
72 109 105.568074 3.162278
72 102 108.412099 25.000000
72 81 107.460378 27.802878
73 182 166.884171 39.204592
73 180 197.536543 55.973208
73 179 151.992999 41.109610
73 176 108.265992 43.737855
73 173 117.919480 20.880613
73 167 178.254091 23.086793
73 159 131.743020 47.434165
73 158 119.463378 70.178344
73 132 135.632700 31.400637
73 121 127.295601 45.617979
73 120 103.944320 52.924474
73 116 183.764589 48.104054
73 113 139.491933 18.357560
73 112 111.687938 13.152946
73 109 164.778658 33.615473
73 102 140.311370 23.086793
73 100 152.088892 12.529964
73 88 184.814105 26.076810
73 82 141.304532 34.985711
73 75 161.753870 28.635642
74 187 105.342552 68.447060
74 186 124.002861 10.816654
74 176 198.183314 30.413813
74 172 177.235430 56.859476
74 171 110.055702 35.902646
74 161 138.406664 28.284271
74 157 168.520356 27.586228
74 156 189.225878 22.472205
74 155 143.974738 23.194827
74 142 176.932454 4.242641
74 133 196.686256 27.459060
74 129 110.858909 41.048752
74 121 174.468997 32.202484
74 115 148.679255 9.219544
74 110 119.124901 9.848858
74 96 192.388477 37.215588
74 87 126.933345 37.643060
75 199 150.867921 22.825424
75 195 111.851855 11.180340
75 151 162.566045 44.384682
75 143 178.163522 11.000000
75 117 115.796175 49.658836
75 109 146.330634 23.021729
75 108 117.655455 41.617304
75 101 127.484113 59.033889
75 81 111.109292 45.793013
75 78 157.966825 14.866069
76 197 179.573004 5.385165
76 170 195.923397 28.160256
76 167 199.271357 43.566042
76 159 141.326875 18.027756
76 145 101.265949 21.470911
76 134 123.274218 15.000000
76 114 139.510189 10.000000
76 93 178.501379 47.539457
77 178 133.329921 40.792156
77 171 177.916852 27.018512
77 170 147.021735 10.630146
77 166 122.555799 41.976184
77 160 121.891590 9.219544
77 159 123.954189 20.615528
77 156 119.242055 27.202941
77 155 132.750499 33.241540
77 153 198.423186 88.022724
77 152 167.921310 45.617979
77 141 151.875400 33.615473
77 124 190.811663 13.038405
77 122 194.854656 61.684682
77 119 102.743321 89.319651
77 93 102.663518 13.038405
77 90 157.420701 57.218878
77 86 180.906842 30.083218
78 195 118.459692 4.242641
78 191 103.751335 7.211103
78 179 198.562297 8.062258
78 160 145.943805 45.354162
78 157 114.860628 64.031242
78 143 156.529122 5.830952
78 123 125.516809 86.092973
78 114 110.784025 5.099020
78 113 155.800478 58.034473
78 112 166.843684 50.119856
78 88 112.049974 57.489129
78 87 179.074697 53.366656
79 192 106.353872 63.702433
79 188 190.551353 30.870698
79 187 112.404617 28.301943
79 186 184.270725 43.185646
79 185 137.573088 19.235384
79 178 134.960416 9.848858
79 163 106.162315 8.000000
79 158 161.527277 58.694122
79 151 154.202472 11.401754
79 147 138.912814 18.601075
79 143 159.950463 49.244289
79 139 122.123782 20.808652
79 138 190.788214 41.761226
79 122 150.762126 14.560220
79 117 116.978437 13.341664
79 113 193.531535 29.546573
79 107 153.425643 15.620499
79 106 174.399138 24.020824
79 105 174.438377 47.169906
79 104 171.885335 15.264338
79 99 178.150473 37.054015
79 97 173.000674 24.515301
79 96 117.829140 16.155494
79 94 193.011101 14.560220
79 93 129.529796 58.180753
79 92 143.345949 54.129474
79 85 103.795126 26.627054
80 195 185.330274 73.006849
80 194 110.189633 20.615528
80 181 115.845099 33.015148
80 178 164.404971 21.540659
80 172 116.543505 21.213203
80 169 106.396452 68.264193
80 157 176.809588 48.703183
80 147 100.814230 5.385165
80 140 143.969539 43.931765
80 136 111.770004 40.311289
80 133 106.976545 30.016662
80 111 105.496816 46.690470
80 110 165.972476 39.698866
80 107 145.889359 8.062258
80 101 165.447279 31.622777
80 100 188.096258 41.976184
80 94 136.677573 20.223748
80 88 116.209405 20.124612
81 178 105.074695 7.211103
81 176 130.209108 15.620499
81 173 169.635048 36.124784
81 167 179.473834 56.320511
81 156 104.647485 22.803509
81 151 141.520384 27.802878
81 146 157.624307 22.135944
81 137 177.648159 29.410882
81 130 159.349524 39.623226
81 117 150.635408 27.658633
81 106 107.177954 22.627417
81 104 102.695473 8.602325
81 101 154.430534 44.045431
81 97 192.508228 18.867962
81 96 112.885106 2.000000
81 94 170.275633 4.123106
81 90 156.913199 22.135944
81 85 129.428611 9.899495
82 197 176.672085 18.867962
82 191 133.722787 12.529964
82 187 130.242841 23.259407
82 182 120.641625 23.769729
82 179 145.492791 18.601075
82 173 137.219386 55.461698
82 164 126.138441 15.000000
82 159 111.465267 36.249138
82 154 183.108746 24.041631
82 145 191.585720 39.924930
82 143 199.561525 15.000000
82 131 119.786319 23.021729
82 104 107.795124 48.754487
82 93 104.636221 66.219333
82 91 149.995427 28.635642
82 83 177.430172 27.459060
83 193 184.110054 41.231056
83 189 154.642912 37.336309
83 187 118.950556 23.345235
83 182 141.734361 39.812058
83 177 132.291071 25.317978
83 154 178.300080 4.472136
83 152 192.369770 28.284271
83 151 139.469025 28.844410
83 147 180.995553 49.396356
83 144 146.800304 44.643029
83 133 131.977254 81.608823
83 131 193.880659 7.211103
83 127 117.075937 73.681748
83 122 188.890453 34.205263
84 195 123.309270 59.211485
84 160 193.748022 22.203603
84 157 122.613240 18.000000
84 156 153.552111 26.000000
84 145 114.389646 32.015621
84 126 168.106031 40.112342
84 97 190.771498 36.878178
84 93 140.528087 5.830952
85 191 179.571298 53.235327
85 179 173.880244 52.430907
85 178 132.113806 17.029386
85 176 179.132824 19.235384
85 175 193.666563 27.586228
85 173 139.908931 46.010868
85 160 183.769044 21.189620
85 159 143.661990 42.201896
85 155 117.339103 7.280110
85 154 167.879099 51.156622
85 148 198.304902 4.000000
85 146 136.289659 14.000000
85 139 109.613460 33.526109
85 137 130.595973 29.410882
85 129 114.589739 11.401754
85 107 101.983230 29.546573
85 103 170.064998 46.097722
85 101 195.585291 53.907328
85 100 148.783533 50.990195
85 96 102.042252 11.401754
86 181 189.465950 95.524866
86 160 165.859470 31.906112
86 154 190.932705 44.384682
86 126 112.775220 5.099020
87 183 159.607492 40.311289
87 170 113.545944 13.152946
87 163 166.327331 37.161808
87 157 173.997138 10.770330
87 146 181.651975 5.099020
87 136 157.098829 20.518285
87 125 114.525225 14.866069
87 118 161.223274 30.610456
87 112 130.979073 42.520583
87 97 146.639031 20.591260
88 188 140.356097 30.413813
88 186 124.645635 35.057096
88 177 186.547962 40.311289
88 175 124.125142 33.734256
88 173 168.307625 26.907248
88 153 103.887065 46.141088
88 152 192.004240 11.045361
88 141 166.612527 49.406477
88 138 140.176724 34.928498
88 137 101.617700 32.893768
88 112 197.208500 13.000000
88 108 154.766463 6.324555
88 101 103.600930 35.000000
88 100 167.273498 33.241540
88 98 150.351754 35.171011
88 96 152.384463 8.062258
88 92 169.315749 48.020829
89 189 139.817704 14.764823
89 181 118.243933 8.544004
89 177 160.248454 27.802878
89 176 152.592924 43.139309
89 170 177.851424 72.567210
89 163 173.794398 37.336309
89 151 118.920255 26.076810
89 128 151.848562 11.180340
89 123 155.446374 21.189620
89 115 176.019084 71.421285
90 197 166.373787 70.802542
90 175 116.669648 20.615528
90 174 106.998157 23.600847
90 165 113.012818 69.462220
90 148 157.025745 24.000000
90 147 131.643792 7.280110
90 138 199.560780 18.027756
90 120 181.150887 9.486833
90 112 199.951417 30.886890
90 98 103.447845 31.240999
90 94 173.155127 18.788294
91 198 166.563944 86.267027
91 189 143.624570 36.496575
91 184 174.772827 60.406953
91 173 163.772443 26.832816
91 162 198.391033 46.818800
91 154 178.373757 5.830952
91 114 131.045941 39.000000
91 106 148.742787 28.017851
92 198 130.758220 18.110770
92 179 100.361690 97.590983
92 177 188.560491 76.164296
92 174 149.002153 8.944272
92 157 160.610144 55.362442
92 149 141.153415 10.000000
92 133 126.853577 6.324555
92 122 134.404543 53.758720
92 119 160.073670 16.031220
93 195 178.702139 54.589376
93 192 189.850917 15.524175
93 184 136.092755 36.878178
93 171 145.075926 17.088007
93 159 106.520564 31.064449
93 146 143.090911 22.803509
93 145 158.088744 27.073973
93 118 163.546309 43.324358
93 112 174.734703 59.076222
93 111 157.649524 41.880783
93 109 144.697196 34.132096
94 185 174.686120 25.495098
94 161 161.097369 48.083261
94 155 117.852323 17.492856
94 128 141.250064 37.854986
94 118 104.721939 28.635642
94 115 192.625151 33.241540
94 108 105.022507 5.656854
94 106 103.112972 25.000000
94 105 170.998908 33.000000
94 104 136.068448 10.816654
94 96 151.855759 2.236068
94 95 101.757128 25.455844
95 192 136.430138 27.313001
95 184 140.416250 8.062258
95 172 150.759280 60.207973
95 171 197.040283 25.942244
95 161 181.569665 22.627417
95 160 177.612857 21.400935
95 154 131.444825 61.983869
95 147 141.643335 37.121422
95 139 156.314996 43.829214
95 136 121.295742 5.830952
95 132 177.736090 23.021729
95 126 101.390921 48.600412
95 125 127.816306 23.021729
95 121 120.827001 9.219544
95 120 159.479665 38.013156
95 115 191.362615 14.317821
95 113 195.561704 68.095521
95 111 117.129188 19.924859
95 110 136.059812 13.601471
95 102 170.247824 31.384710
96 196 178.226557 23.021729
96 194 153.912135 42.107007
96 193 111.497888 69.404611
96 190 182.948496 45.000000
96 179 146.537286 53.075418
96 176 116.520395 14.142136
96 163 186.061468 9.219544
96 162 117.536193 18.681542
96 160 152.588843 29.000000
96 156 137.917227 24.083189
96 151 119.293321 26.627054
96 148 189.018981 8.602325
96 147 178.333476 17.000000
96 145 170.052601 45.221676
96 136 186.059264 25.553865
96 128 159.903141 40.024992
96 120 147.665458 27.202941
96 102 117.504089 10.000000
96 97 101.546477 20.591260
97 180 103.980454 63.560994
97 166 138.799831 41.012193
97 163 179.282567 24.186773
97 162 105.371375 15.000000
97 160 166.616137 14.866069
97 158 100.109568 40.249224
97 156 164.851039 28.071338
97 125 157.978752 35.000000
97 121 195.671272 18.000000
97 120 181.980228 47.707442
97 113 194.038563 48.166378
97 109 165.919096 10.816654
97 108 160.206785 16.763055
97 106 147.950698 6.000000
97 104 177.416984 11.401754
97 102 143.155281 18.000000
97 99 194.487984 49.396356
98 197 193.937380 70.235319
98 187 129.216749 58.463664
98 165 112.024177 39.000000
98 157 146.526223 21.023796
98 140 167.133976 70.342022
98 136 131.317498 9.433981
98 127 135.545204 14.000000
98 124 145.467452 36.055513
98 123 101.370099 47.434165
98 118 121.604467 1.000000
98 111 105.370593 10.295630
98 110 149.035557 3.162278
98 109 139.108556 48.301139
98 103 106.917070 40.261644
99 195 153.016011 46.324939
99 187 177.908387 34.058773
99 185 186.199637 43.462628
99 172 158.387385 66.887966
99 163 144.524524 45.044423
99 146 186.309204 66.648331
99 135 123.238424 81.394103
99 134 102.503275 53.935146
99 131 181.980476 13.000000
99 113 105.218652 14.142136
99 102 196.541839 42.755117
99 100 147.899573 13.928388
100 167 165.425437 19.235384
100 160 144.492537 57.314920
100 156 125.316557 63.953108
100 140 108.580718 2.000000
100 132 138.980521 40.311289
100 131 119.253937 22.203603
100 126 137.797468 60.440053
100 123 151.004699 44.294469
100 117 165.780159 21.840330
100 114 104.931443 54.000000
100 113 182.322197 5.830952
100 112 101.325363 21.023796
100 104 150.398896 37.735925
101 187 183.692296 50.039984
101 179 122.929830 71.449283
101 177 155.769489 16.124515
101 173 132.727853 10.049876
101 164 162.038387 60.530984
101 150 162.686559 21.540659
101 112 185.743863 29.120440
101 102 139.946774 36.715120
102 191 148.886196 45.343136
102 190 144.131249 53.338541
102 189 184.471297 41.048752
102 182 135.195400 41.593269
102 178 167.369673 4.472136
102 174 186.974573 48.836462
102 172 117.175876 45.541190
102 159 172.588325 43.737855
102 151 183.516412 19.209373
102 126 165.075449 46.572524
102 123 138.013762 35.440090
102 121 128.008949 25.455844
102 110 190.392006 38.832976
102 106 146.594480 18.973666
103 192 166.989471 9.486833
103 168 109.645943 22.203603
103 165 184.391948 5.830952
103 164 117.994169 74.732858
103 148 175.426102 49.203658
103 147 189.323392 71.344236
103 135 100.316366 22.627417
104 185 176.751465 32.388269
104 178 139.722287 9.055385
104 175 184.008662 37.589892
104 174 199.681295 51.855569
104 173 195.491776 35.227830
104 169 116.736515 41.785165
104 164 161.719682 35.805028
104 163 158.178335 13.000000
104 162 102.480378 16.278821
104 146 101.666455 21.260292
104 132 107.064531 6.403124
104 130 146.611626 42.190046
104 126 186.137753 40.853396
104 123 142.259931 41.593269
104 110 113.981299 35.014283
105 191 173.112326 80.498447
105 186 159.435807 4.000000
105 184 186.569624 15.556349
105 175 156.628738 10.816654
105 174 124.511256 31.575307
105 172 124.583386 49.091751
105 165 184.637687 44.147480
105 156 114.903262 22.803509
105 154 171.177867 76.321688
105 148 151.627157 25.961510
105 130 124.549205 31.144823
105 124 155.569815 44.384682
105 111 169.621327 12.649111
105 106 199.975306 52.000000
106 187 144.893206 14.000000
106 184 169.937692 38.078866
106 169 176.726771 36.878178
106 166 184.615494 37.013511
106 155 153.946354 31.953091
106 144 176.408066 31.622777
106 139 180.107270 43.011626
106 130 170.682869 46.324939
106 121 138.127748 24.000000
106 109 138.285605 9.000000
106 108 173.163246 19.416488
107 198 139.794203 47.010637
107 196 145.350136 24.515301
107 189 119.774873 32.249031
107 187 125.931956 43.829214
107 185 187.610067 9.899495
107 180 133.756172 27.513633
107 178 199.044282 16.031220
107 172 147.045873 26.925824
107 139 120.325797 5.385165
107 127 155.673019 33.241540
107 117 171.557129 13.038405
108 197 144.909183 46.861498
108 189 140.310706 45.607017
108 186 186.460391 33.241540
108 185 116.087050 27.892651
108 184 191.937863 26.925824
108 178 111.009596 4.123106
108 170 171.656865 28.000000
108 162 161.559190 18.867962
108 159 110.984902 43.011626
108 157 116.550071 31.827661
108 156 131.496882 26.925824
108 154 187.711673 39.115214
108 132 101.165565 3.162278
108 126 185.443236 46.238512
108 123 164.119739 36.345564
108 117 181.272834 24.698178
109 192 156.126105 46.173586
109 185 102.247487 52.153619
109 182 119.558439 16.401219
109 177 129.289351 57.245087
109 169 142.041690 30.610456
109 162 164.908575 22.847319
109 160 149.064224 16.124515
109 156 167.973646 35.735137
109 145 152.518642 16.124515
109 134 182.820397 31.622777
109 126 167.017928 18.973666
109 115 199.564515 49.040799
109 111 103.146193 54.708317
110 185 122.690947 51.855569
110 183 171.121645 12.041595
110 170 148.055376 39.661064
110 168 163.001653 15.231546
110 146 157.582036 25.806976
110 144 164.142427 71.693793
110 136 154.939517 7.810250
110 118 168.591631 4.123106
110 115 135.799291 2.828427
110 111 116.498707 8.246211
111 190 179.576534 37.000000
111 186 152.349363 14.422205
111 171 147.995589 29.832868
111 136 167.288207 14.317821
111 135 153.514928 23.430749
111 127 133.438825 21.023796
111 121 131.407946 29.120440
112 194 134.787762 41.629317
112 192 189.564930 65.795137
112 184 133.655433 43.011626
112 182 154.346201 41.976184
112 174 118.854282 54.378304
112 167 175.697124 36.000000
112 164 119.254777 35.777088
112 163 167.918506 13.152946
112 141 143.670770 60.415230
113 198 171.773418 79.479557
113 191 150.738903 52.038447
113 185 110.688698 30.805844
113 177 171.337933 6.000000
113 166 153.885096 65.069194
113 150 133.379645 8.485281
113 147 142.459578 42.011903
113 140 101.940472 5.099020
113 129 196.381298 44.944410
114 187 100.041614 24.698178
114 179 166.082899 3.605551
114 166 151.320815 6.000000
114 164 168.633245 13.341664
114 162 101.882190 49.648766
114 153 167.819521 85.475143
114 151 148.209779 58.523500
114 146 154.231553 49.396356
115 183 115.815110 12.529964
115 168 115.497985 12.649111
115 156 107.746481 13.416408
115 132 149.253936 32.756679
115 127 146.905932 19.235384
115 120 142.534243 34.928498
116 181 138.818866 33.060551
116 177 180.561365 24.351591
116 164 196.880444 76.295478
116 153 157.673148 20.223748
116 140 156.258489 35.171011
116 121 116.135221 87.114867
117 194 125.591654 27.459060
117 189 199.929258 21.213203
117 188 187.908639 21.931712
117 178 176.330557 20.808652
117 174 110.617956 46.173586
117 152 159.246572 16.000000
117 139 130.215653 15.524175
117 131 143.997601 41.617304
117 129 101.706150 28.653098
118 196 132.156125 18.788294
118 192 140.378899 37.013511
118 188 101.747763 47.801674
118 187 198.239024 58.694122
118 184 191.699714 7.810250
118 183 170.381009 10.295630
118 173 100.121215 59.933296
118 168 159.519235 19.313208
118 159 118.590787 59.548300
118 155 154.352768 13.341664
118 120 175.334346 28.231188
118 119 134.088773 49.648766
119 198 162.099248 3.605551
119 190 124.588281 18.027756
119 185 180.994704 51.078371
120 198 104.633491 29.681644
120 173 163.407148 43.000000
120 163 161.556069 28.017851
120 156 101.513935 38.052595
120 138 121.080296 9.848858
120 137 117.814558 10.630146
121 194 117.649155 61.000000
121 178 146.671950 24.413111
121 172 117.743816 61.073726
121 162 105.557794 3.000000
121 157 123.002506 11.661904
121 155 128.361773 12.529964
121 153 164.804366 72.718636
121 124 153.218159 22.135944
122 194 172.359374 27.202941
122 188 166.510516 22.022716
122 185 185.374284 8.602325
122 181 112.738273 29.068884
122 180 168.258280 33.241540
122 147 183.613309 19.235384
122 128 104.437987 21.470911
123 194 138.639288 8.544004
123 188 183.734523 2.000000
123 173 163.957222 29.546573
123 162 157.230075 52.239832
123 148 138.087291 39.623226
123 139 139.291568 11.401754
123 133 191.318848 33.837849
124 191 100.186539 55.226805
124 183 163.879849 45.177428
124 176 172.313553 49.254441
124 160 104.820030 18.027756
124 157 127.286997 15.297059
124 148 133.869622 34.928498
124 145 106.333965 29.274562
125 195 148.367292 59.033889
125 156 151.684180 23.000000
125 155 123.983120 32.249031
125 150 195.039242 91.241438
125 142 169.427996 38.832976
125 135 129.540915 11.401754
126 191 118.041749 21.095023
126 189 197.789769 79.762146
126 164 194.345281 22.022716
126 159 171.259908 4.472136
126 156 170.149143 49.406477
126 152 160.855797 48.166378
126 146 156.634192 36.400549
126 145 182.887416 8.246211
126 135 129.114077 46.238512
127 194 140.247501 44.598206
127 186 187.325402 7.071068
127 183 167.753365 12.041595
127 175 123.982024 2.236068
127 171 151.282624 48.041649
127 162 124.983441 34.828150
127 160 162.069315 46.615448
127 156 190.574192 26.570661
127 130 116.302289 38.052595
128 196 162.255854 38.209946
128 188 154.454041 8.602325
128 180 188.615841 13.928388
128 173 167.075884 24.758837
128 158 181.741038 82.764727
128 147 122.485463 23.769729
129 193 173.409849 62.681736
129 185 130.108330 32.015621
129 179 174.169643 45.967380
129 177 197.392969 48.414874
129 164 125.147572 38.832976
129 160 143.597640 23.345235
129 152 126.933883 16.643317
129 146 143.189321 20.248457
130 171 141.387409 10.000000
130 162 121.279164 26.400758
130 161 114.449229 5.000000
130 160 111.536552 29.000000
130 157 182.134961 12.083046
130 156 171.083421 17.029386
130 145 194.423967 45.221676
130 144 111.249038 64.761099
130 136 111.330922 17.464249
130 135 181.749369 8.062258
130 132 179.002404 40.459857
131 195 135.312946 33.837849
131 194 133.031993 67.896981
131 167 103.985844 9.848858
131 166 197.382261 43.965896
131 164 123.606185 28.017851
131 152 120.288133 34.928498
131 143 159.638115 34.539832
131 136 178.060226 74.431176
132 187 108.903975 31.764760
132 186 126.713998 30.413813
132 183 159.801264 38.209946
132 178 131.389438 6.403124
132 174 100.123847 45.607017
132 160 189.909594 26.076810
132 154 105.559081 42.047592
132 150 197.516816 53.338541
132 148 115.057166 9.219544
132 146 149.156721 21.931712
132 142 124.450699 42.190046
132 138 158.246487 34.205263
132 135 190.544130 33.970576
133 198 145.729863 24.000000
133 183 172.695715 22.360680
133 180 102.080681 35.000000
133 175 127.864825 13.416408
133 155 143.779136 34.985711
133 149 196.504648 4.472136
133 148 139.113863 37.536649
133 138 155.110058 8.602325
134 193 178.254018 14.560220
134 191 118.116267 11.180340
134 166 190.423005 3.605551
134 164 111.286011 18.027756
135 190 122.102111 57.008771
135 182 187.805265 50.803543
135 175 134.892196 39.319207
135 171 142.390244 13.601471
135 170 147.443380 26.076810
135 161 112.952422 12.649111
135 158 151.294219 9.433981
135 157 174.157378 5.000000
135 155 172.753686 22.135944
136 198 182.683657 60.827625
136 193 174.281225 82.873397
136 186 162.663279 16.155494
136 185 188.242738 50.990195
136 172 171.798040 58.523500
136 163 177.720445 34.669872
136 157 137.399459 11.704700
136 155 196.248739 10.000000
136 147 135.966932 37.202150
136 146 127.943589 18.027756
137 196 141.978602 5.385165
137 190 108.662647 16.970563
137 189 130.024270 60.083276
137 185 169.843427 37.363083
137 183 152.441784 18.439089
137 177 126.528919 66.610810
137 174 108.957290 18.110770
137 172 107.551842 33.837849
137 165 104.782936 58.821765
137 162 127.073557 38.078866
137 160 197.974847 50.119856
137 149 116.068948 10.770330
137 146 149.175668 41.629317
137 141 185.780112 41.000000
137 138 150.961144 3.162278
138 171 191.565912 57.140179
138 157 133.223492 42.579338
138 141 163.913566 43.737855
139 189 142.860131 31.953091
139 185 107.380870 9.219544
139 184 136.667252 40.000000
139 173 125.543787 24.020824
139 157 181.662095 51.478151
139 156 199.330531 44.294469
139 151 113.786525 20.615528
140 194 153.460135 47.801674
140 178 177.050977 36.687873
140 177 151.185984 11.045361
140 167 149.708874 17.492856
140 154 113.017909 18.248288
140 153 179.129573 32.893768
140 149 191.687477 75.239617
141 192 121.680556 16.763055
141 174 109.153843 58.420887
141 168 161.530904 3.162278
141 158 174.122340 13.038405
142 194 135.682762 65.192024
142 188 170.488194 58.694122
142 184 181.674182 19.104973
142 178 140.465698 46.872167
142 175 197.561751 22.803509
142 162 179.649029 36.687873
142 156 156.534646 23.769729
142 155 146.737418 26.000000
143 197 165.429141 4.123106
143 187 107.495790 21.023796
143 167 138.303330 44.384682
143 144 198.652633 8.602325
144 191 171.409356 11.661904
144 166 181.163461 5.830952
144 164 106.033503 16.124515
144 160 108.076608 37.161808
144 150 106.707248 69.426220
144 145 187.695599 20.024984
145 179 107.407139 22.360680
145 176 120.493773 58.180753
145 163 141.155734 49.497475
145 159 184.458116 4.000000
146 197 171.679758 44.598206
146 196 190.864608 37.947332
146 185 197.476025 51.623638
146 179 150.809331 45.880279
146 168 182.552085 27.018512
146 163 119.156581 32.202484
146 162 159.963175 5.385165
146 161 144.082989 27.513633
146 156 193.278921 13.038405
146 155 195.645937 17.464249
146 148 114.571183 18.000000
147 196 174.953103 19.416488
147 188 136.111635 17.117243
147 172 112.132933 26.476405
147 162 154.602132 35.355339
147 157 192.646281 44.777226
147 152 158.870351 22.803509
147 150 120.031273 48.507731
148 186 100.142071 22.135944
148 182 197.173681 48.166378
148 178 118.683907 14.764823
148 173 171.551427 43.416587
148 162 178.337142 13.152946
148 160 124.717410 25.000000
148 159 179.628035 45.486262
148 155 185.044390 7.280110
149 198 112.413009 28.071338
149 194 187.035174 43.566042
149 183 105.538163 18.110770
149 176 153.568742 25.632011
149 174 171.493290 16.124515
149 152 177.217921 54.405882
149 151 144.433351 56.142675
150 189 168.969315 18.027756
150 187 128.027252 45.694639
150 180 126.985436 55.713553
150 152 188.125895 36.619667
151 194 187.990427 33.015148
151 189 171.068424 21.954498
151 178 181.404816 20.615528
151 177 183.636363 21.931712
151 167 185.639607 35.735137
151 166 156.357919 64.288413
151 163 119.747998 17.492856
151 162 197.772540 42.638011
151 156 110.960051 50.606324
151 152 112.394279 12.649111
152 156 156.642891 40.706265
152 154 130.991324 27.202941
153 189 112.536350 10.440307
153 185 153.816572 26.172505
153 178 149.675231 48.373546
154 193 184.087777 37.947332
154 185 132.153714 43.863424
154 184 174.392641 65.122961
154 175 163.715811 71.805292
154 172 117.198104 68.593003
154 170 186.805650 46.324939
154 163 150.750985 38.600518
154 158 122.736268 76.557168
155 196 140.374392 20.615528
155 185 122.244275 41.231056
155 184 199.954189 7.280110
155 182 184.807743 52.430907
155 165 191.213590 44.045431
155 162 127.981442 14.212670
155 156 111.793179 9.848858
156 192 179.339485 26.925824
156 181 115.971868 73.824115
156 174 182.861603 49.648766
156 161 160.744301 21.931712
157 191 199.608232 58.855756
157 190 168.501210 54.083269
157 183 117.102219 30.805844
157 171 119.356230 18.601075
157 170 166.273749 23.769729
157 169 128.062270 24.166092
158 194 131.750510 83.216585
158 184 122.916640 27.459060
158 171 159.053595 4.242641
158 163 144.286859 53.413481
158 161 176.733213 8.062258
159 197 108.728825 17.720045
159 195 128.374636 23.769729
159 183 108.886927 69.656299
160 199 183.121467 52.810984
160 196 192.090447 46.097722
160 183 126.085031 46.861498
160 178 169.927117 31.575307
160 170 142.841432 5.099020
161 192 148.821299 10.295630
161 182 110.301509 62.201286
161 176 165.085707 47.885280
161 171 148.775488 8.062258
161 168 195.109252 10.049876
162 196 156.299296 34.014703
162 188 176.756929 52.469038
163 194 106.902431 36.221541
163 185 135.638781 19.646883
163 173 192.728798 25.612497
163 170 189.764034 36.055513
163 167 196.383082 49.040799
164 192 192.337030 65.306967
164 191 158.265243 7.211103
164 189 113.485301 62.072538
164 187 111.693260 11.661904
164 182 124.538993 11.401754
164 176 141.547572 59.665736
164 175 143.443770 73.246160
164 166 147.455633 19.235384
166 195 100.601166 10.198039
166 193 187.730629 18.027756
166 171 124.188846 68.468971
167 189 109.329991 37.802116
167 173 116.105265 34.132096
168 196 133.075773 38.078866
168 186 192.451458 24.738634
168 170 108.195712 39.812058
169 187 159.160804 47.201695
169 186 162.378575 52.000000
169 184 151.037144 39.217343
169 180 107.982102 90.088845
169 171 172.680084 22.135944
169 170 116.122851 20.615528
170 199 156.757590 47.759816
170 197 167.789336 31.048349
170 192 172.422147 34.785054
170 182 133.514519 25.000000
170 178 174.691767 32.015621
170 176 108.060929 42.720019
170 173 126.243317 56.462377
171 186 164.455801 41.012193
171 175 104.444010 50.089919
172 198 118.580347 27.294688
172 188 122.721044 11.401754
172 181 117.929312 22.803509
172 180 130.273607 1.414214
173 195 147.260036 60.638272
173 187 159.476883 40.112342
173 186 173.717377 58.523500
173 182 194.715670 59.033889
174 198 160.078049 15.231546
174 183 161.448006 33.526109
174 181 118.904515 45.880279
175 186 169.408041 9.219544
175 181 177.553271 57.384667
176 188 151.980288 26.832816
176 186 161.859499 19.697716
176 182 185.748983 61.073726
176 180 111.141091 34.525353
177 197 124.238074 62.393910
177 194 136.786127 42.953463
178 197 119.123194 49.406477
178 191 196.918158 49.517674
179 197 152.908978 1.414214
179 191 175.880784 6.403124
180 188 164.707494 11.661904
181 194 125.331126 15.652476
181 192 109.395303 100.623059
182 187 139.399261 19.026298
183 198 133.392054 46.173586
185 199 135.638620 80.529498
185 197 103.855062 67.067131
186 190 137.836065 26.248809
187 193 154.218967 34.713110
188 194 126.576106 8.062258
188 189 155.765376 31.000000
190 198 184.492574 20.396078
191 197 173.836142 6.403124
193 199 115.242259 7.810250
193 197 158.209951 21.213203
194 196 168.551812 36.400549
195 197 175.320309 6.082763
